Iqbuhq43iwBhT3fr6CBs1rTiwILT+we8FVC9Di6q6IUohzKFK6HyAs5YLZwxKapV/fvtthmAgyttLjXf4mdmCJ1iG7yIZQnSSwFEMXB8tobPZFgSMfWXdJtjPcGu3j/w73FXkMkE3AOHcuUW/dncksFaKB3TMNrJTdL+NEa/+Ah0aGVfbGFzdF9yZXNvcnQ=
pOsRzu82teyH4I1kSSi7cnkn7o2wEkXxpM8tqpL50toNPJyDbgIB7HHI434GWyroSXpUVR1Vqt15EFc1+/xSAc1E3nWk/Sy7UobKtGUsnPcmrgELNTJFfYuYR8WxBPYmbyncruBgjA7MQ6yDkuawd708WhUyeEDjRjvuB7fzcQVnMDBkX2IweQ==
PklPG44gtHm21BQf1J67hPr0m3Ab8D9Jo7quNg+S8eOhg+F1aTdKee8w+eAFWjvNez+4qAK5f4pgzJYomgIXBtlTubibClk2ujSWjFFZ24e4jnx12WWbK+FV9oh3de+e7g9euJxDIOuqr1BBtrI4f7bro6+lhLo4tBhkmnO0zwxmdWxsX3Ryb2xs
coDgbkOEKD4vmw9TSaWyOslqYbZu2k3g4q3LZu3Cd9BI7mETxqTFhdDkevnJYQv6U2reqyNk75uUOn/8t+ciDKR3GNJUyv6JyDOI8PAd32W2DD4+magXEZGais2eFTFpoAmZy16gHX+Yinb4VxpALTod1LG7vGFApfFU1bayEQ5pX3NoYWxsX25ldmVyX2JlX2FueXRoaW5n
G3qd+/+l5OH83Y/kABeWBJvbHQ4hEYwaAzFKX0T5OqXgRGj7NFEnujiZ2cCx+FPlXSIdy/1QJFdnmyQgG6/FAMkilHdw0tVVc+nuVxepGGbysvR05hc5iRfP0i5+nd7lvgR93UIneowKAtDcuMmyQjA0UB3LP1NSaw4u8oYgBw1iYWJ5X3JlY3J1aXRlcg==
Sc75lGNJ9f7OLMR72B+GgMyzzhjX/lTSHEtQf4LrKF61xnb1BkSVRWBSGyRpyNcRDI50u8+B8JaJfU4HNEPLDp25UQPHy7VjMXRRdO4t6UbDQEg1JDaW8IEdsjvFED/A+nYp5pUC+R0eKi5WEPCrhgY9bWdV/e5o5rhF71XBZAhyYW5kb21fdmF1bHQ=
